cpu  1050008 127632 898432 43828767 37203 63 99244 0 0 0
cpu0 212383 20476 204704 8389202 7253 42 12597 0 0 0
cpu1 224452 24947 215570 8372502 8135 4 42768 0 0 0
cpu2 222993 17440 200925 8424262 8069 9 17732 0 0 0
cpu3 186835 8775 195974 8486330 5746 3 8360 0 0 0
cpu4 107075 32886 48854 8688521 3995 4 5758 0 0 0
cpu5 90733 20914 27798 1429573 2984 1 11419 0 0 0
intr 53261351 0 686 1 0 0 1 12 31 1 20 0 0 0 0 0 0 0 0 0 0 0 0 0 0 0 0 0 0 0 0 0 0 0 0 0 0 0 0 0 0 0 0 0 0 0 0 0 0 0 0 0 0 0 0 0 0 0 0 0 0 0 0 0 0 0 0 0 0 0 0 0 0 0 0 0 0 0 0 0 0 0 0 0 0 0 0 0 0 0 0 0 0 0 0 0 0 0 0 7818 0 0 0 0 0 0 0 0 255 33 1912 33 0 0 0 0 0 0 3449534 2315885 2150546 2399277 696281 339300 22642 19371 0 0 0 0 0 0 0 0 0 0 0 2199 0 0 0 0 0 0 0 0 0 0 0 0 0 0 0 0 0 0 0 0 0 0 0 0 0 0 0 0 0 0 0 0 2445 0 0 0 0 0 0 0 0 0 0 0 0 0 0 0 0 0 0 0 0 0 0 0 0 0 0 0 0 0 0 0 0 0 0 0 0 0 0 0 162240 14293 2858 0 151709 151592 0 0 0 284534 0 0 0 0 0 0 0 0 0 0 0 0 0 0 185353 0 0 938962 0 0 0 0 736100 0 0 1 1209 27960 0 0 0 0 0 0 0 0 303 115968 452839 2 0 0 0 0 0 0 0 0 0 0 0 0 0 160361 8835 86413 1292 0 0 0 0 0 0 0 0 0 0 0 0 0 0 3592 0 0 0 0 0 0 0 0 0 0 0 0 0 0 0 0 0 0 0 0 0 0 0 0 0 0 0 0 0 0 0 0 0 0 0 0 0 0 0 0 0 0 0 6091 0 0 0 0 0 0 0 0 0 0 0 0 0 0 0 0 0 0 0 0 0 0 0 0 0 0 0 0 0 0 0 0 0 0 0 35667 0 0 156823 0 0 0 0 0 0 0 0 0 0 0 0 0 0 0 0 0 0 0 0 0 0 0 0 0 0 0 0 0 0 0 0 0 0 0 0 0 0 0 0 0 0 0 0 0 0 0 0 0 0 0 0 0 0 0 0 0 0 0 0 0 0 0 0 0 0 0 0 0 0 0 0 0 0 138 2667417 0 41 4008 952 16633 533480 0 0 0 0 0 0 262506 0 0 0 0 0 0 126 0 0 1558488 0 4 0 0 0 0 0 0 0 0 0 0 0 0 0 0 0 0 0 0 0 0 0 0 0 0 0 0 0 0 0 0 0 0 0 0 0 0 0 0 0 0 0 0 0 0 0 0 2 2 8 0 0 6 0 0 0 10 3 4 0 0 0 0 0 3 0 0 0 0 0 0 0 0 0 0 0 20 0 0 0 0 0 0 0 0 0 0 0 0 0 0 0 0 0 0 0 0 0 0 0 0 0 0 0 0 0 0 0 0 0 0 0 0 0 0 0 0 12 1 1 83806 0 1 1 0 1 0 1 1 319686 2 8 0 0 0 0 0 0 0 0 0 244534 0 1 10 9 0 10 112 107 40 221 0 0 0 144
ctxt 90182396
btime 1595203295
processes 270853
procs_running 2
procs_blocked 0
softirq 25293348 2883 7658936 40779 539155 497187 2864 1908702 7229194 279723 7133925
